0 0.242969 0.120889 0.054833 0.021333
0 0.855117 0.123852 0.025526 0.020148
0 0.164500 0.160593 0.115339 0.036741
0 0.568187 0.162370 0.058615 0.033185
0 0.139920 0.226370 0.075632 0.042667
0 0.218388 0.223407 0.077523 0.041481
0 0.321910 0.225185 0.131411 0.040296
0 0.456630 0.225778 0.132356 0.039111
0 0.151737 0.325926 0.078468 0.021333
0 0.374852 0.320593 0.080359 0.029630
0 0.149846 0.377481 0.082250 0.020148
0 0.147483 0.423111 0.077523 0.033185
0 0.157410 0.475852 0.095486 0.034370
0 0.167336 0.519704 0.119121 0.046222
0 0.570078 0.225185 0.077523 0.042667
0 0.646183 0.224593 0.076578 0.043852
0 0.748759 0.227556 0.124793 0.042667
0 0.873552 0.228741 0.124793 0.045037
0 0.581423 0.324741 0.079414 0.018963
0 0.805011 0.320593 0.084141 0.032000
0 0.580950 0.377481 0.086032 0.022519
0 0.579059 0.424296 0.080359 0.030815
0 0.587095 0.471704 0.090759 0.033185
0 0.599385 0.519704 0.119121 0.041481
0 0.177263 0.564741 0.142756 0.046222
0 0.597495 0.563556 0.136138 0.041481
0 0.548806 0.645926 0.074687 0.023704
0 0.909478 0.646519 0.049161 0.022519
0 0.147010 0.722370 0.023635 0.024889
0 0.630584 0.718815 0.058615 0.022519
0 0.904751 0.718815 0.064287 0.024889
0 0.282675 0.783407 0.069960 0.018963
0 0.605058 0.782222 0.068069 0.023704
0 0.239660 0.836741 0.053888 0.021333
0 0.630111 0.834963 0.040652 0.024889
0 0.742614 0.832593 0.048216 0.024889
0 0.228788 0.930963 0.071851 0.020148
