0 0.238905 0.115362 0.054769 0.021189
0 0.851747 0.119482 0.028329 0.017657
0 0.161945 0.157740 0.108593 0.032961
0 0.561379 0.155386 0.059490 0.037669
0 0.135977 0.223072 0.077432 0.043555
0 0.214825 0.220718 0.076487 0.036492
0 0.319641 0.219541 0.131256 0.036492
0 0.451369 0.221307 0.128423 0.042378
0 0.148253 0.319011 0.081209 0.025898
0 0.372521 0.313714 0.085930 0.031783
0 0.147309 0.369629 0.083097 0.018835
0 0.143532 0.417304 0.077432 0.031783
0 0.152975 0.466745 0.094429 0.031783
0 0.167139 0.513243 0.120869 0.040024
0 0.562795 0.220718 0.079320 0.041201
0 0.642115 0.220129 0.077432 0.037669
0 0.743154 0.220129 0.122757 0.047087
0 0.868272 0.222484 0.119924 0.042378
0 0.578376 0.316657 0.080264 0.021189
0 0.798867 0.314303 0.083097 0.032961
0 0.575543 0.369629 0.084042 0.023543
0 0.573182 0.416716 0.075543 0.032961
0 0.582153 0.465568 0.095373 0.031783
0 0.594901 0.512066 0.117092 0.044732
0 0.173749 0.557975 0.141643 0.044732
0 0.592068 0.555032 0.137866 0.045909
0 0.548159 0.638022 0.074599 0.023543
0 0.906516 0.639200 0.050992 0.023543
0 0.143059 0.713361 0.017941 0.021189
0 0.625118 0.712184 0.049103 0.021189
0 0.899906 0.710418 0.062323 0.022366
0 0.278565 0.773985 0.064212 0.017657
0 0.599622 0.771630 0.066100 0.027075
0 0.236544 0.828134 0.053824 0.020012
0 0.626062 0.824014 0.035883 0.018835
0 0.738905 0.821660 0.051936 0.025898
0 0.227101 0.919953 0.070822 0.024720
