0 0.241457 0.119139 0.047662 0.018873
0 0.822392 0.121498 0.020683 0.018873
0 0.167266 0.159835 0.106115 0.034208
0 0.549910 0.159835 0.058453 0.031849
0 0.141187 0.224712 0.077338 0.041286
0 0.217176 0.223533 0.074640 0.038927
0 0.317446 0.222943 0.122302 0.042465
0 0.442896 0.222943 0.126799 0.042465
0 0.152878 0.323208 0.077338 0.021233
0 0.366906 0.315541 0.080935 0.029490
0 0.152428 0.375111 0.076439 0.023592
0 0.148831 0.420525 0.078237 0.031849
0 0.156025 0.469478 0.092626 0.033029
0 0.168165 0.516662 0.111511 0.042465
0 0.551709 0.224123 0.074640 0.040106
0 0.625450 0.222353 0.072842 0.041286
0 0.722122 0.224712 0.120504 0.041286
0 0.843076 0.224712 0.119604 0.043645
0 0.562500 0.322029 0.081835 0.021233
0 0.773831 0.317311 0.078237 0.030669
0 0.561151 0.374521 0.080935 0.017694
0 0.557554 0.419345 0.075540 0.031849
0 0.567446 0.468888 0.086331 0.029490
0 0.579137 0.514303 0.109712 0.044825
0 0.177158 0.561486 0.133094 0.044825
0 0.578687 0.560307 0.132194 0.044825
0 0.531475 0.639339 0.066547 0.025951
0 0.874550 0.642878 0.045863 0.021233
0 0.151529 0.717782 0.015288 0.029490
0 0.608813 0.714833 0.050360 0.021233
0 0.870953 0.712474 0.056655 0.025951
0 0.276978 0.779711 0.061151 0.018873
0 0.584083 0.773813 0.069245 0.025951
0 0.237860 0.831613 0.053058 0.021233
0 0.607914 0.829254 0.034173 0.018873
0 0.717176 0.828664 0.042266 0.022412
0 0.229766 0.925981 0.067446 0.021233
