0 0.240038 0.123748 0.053761 0.021214
0 0.848385 0.127873 0.029238 0.020035
0 0.161754 0.160872 0.110351 0.036535
0 0.563075 0.162051 0.062249 0.031821
0 0.136289 0.225103 0.080170 0.044785
0 0.212686 0.224514 0.078283 0.041249
0 0.320679 0.224514 0.133931 0.041249
0 0.451780 0.224514 0.133931 0.043606
0 0.149965 0.323512 0.082999 0.022392
0 0.373497 0.319976 0.088658 0.031821
0 0.147607 0.375958 0.083942 0.028285
0 0.144306 0.423100 0.077340 0.032999
0 0.153737 0.473188 0.094317 0.029464
0 0.165999 0.517973 0.116954 0.043606
0 0.564961 0.227460 0.077340 0.040071
0 0.643716 0.226282 0.078283 0.040071
0 0.743221 0.227460 0.126385 0.040071
0 0.869606 0.228639 0.126385 0.042428
0 0.575808 0.324101 0.082056 0.018857
0 0.797453 0.320566 0.089602 0.032999
0 0.577222 0.374779 0.086772 0.025928
0 0.573921 0.421921 0.076397 0.030642
0 0.579109 0.471420 0.098090 0.030642
0 0.594671 0.517973 0.117897 0.043606
0 0.174016 0.563936 0.142419 0.045963
0 0.594671 0.562758 0.140533 0.043606
0 0.544211 0.642899 0.069795 0.024750
0 0.906390 0.645846 0.052818 0.021214
0 0.144306 0.717737 0.020750 0.023571
0 0.625324 0.715969 0.054704 0.022392
0 0.897901 0.714791 0.066022 0.031821
0 0.278236 0.780790 0.062249 0.022392
0 0.600802 0.778433 0.067909 0.022392
0 0.235322 0.833824 0.055647 0.020035
0 0.626267 0.830878 0.039613 0.021214
0 0.739448 0.830289 0.047159 0.022392
0 0.227305 0.928108 0.071681 0.022392
