0 0.244120 0.125333 0.053622 0.018918
0 0.851834 0.129471 0.027281 0.020101
0 0.166510 0.161986 0.107244 0.033107
0 0.566322 0.164351 0.058325 0.035471
0 0.141110 0.228200 0.080903 0.040201
0 0.219661 0.227609 0.076199 0.041383
0 0.324553 0.228200 0.129821 0.042566
0 0.455786 0.228791 0.128881 0.041383
0 0.152399 0.326929 0.084666 0.024830
0 0.374882 0.323973 0.079962 0.030742
0 0.150988 0.379545 0.078081 0.021283
0 0.148166 0.424475 0.076199 0.033107
0 0.158514 0.475318 0.091251 0.030742
0 0.168862 0.521431 0.115710 0.042566
0 0.569614 0.229382 0.078081 0.040201
0 0.645814 0.228791 0.076199 0.041383
0 0.746943 0.229973 0.124177 0.041383
0 0.871119 0.231156 0.126058 0.043748
0 0.581373 0.327520 0.080903 0.026012
0 0.801976 0.324564 0.079962 0.031924
0 0.579962 0.378362 0.078081 0.018918
0 0.576670 0.425067 0.079022 0.031924
0 0.585136 0.474727 0.090310 0.031924
0 0.598307 0.519066 0.116651 0.042566
0 0.178269 0.566361 0.138288 0.040201
0 0.596425 0.563405 0.135466 0.046113
0 0.549859 0.646172 0.070555 0.027195
0 0.908749 0.648537 0.048918 0.024830
0 0.149106 0.723027 0.015992 0.027195
0 0.628881 0.721253 0.055503 0.023648
0 0.903575 0.721845 0.059266 0.024830
0 0.283161 0.783920 0.063970 0.021283
0 0.603481 0.782146 0.070555 0.022465
0 0.239417 0.836536 0.053622 0.022465
0 0.628410 0.837127 0.035748 0.023648
0 0.742239 0.835353 0.048918 0.022465
0 0.231891 0.931126 0.070555 0.020101
