0 0.267821 0.120833 0.051013 0.025000
0 0.855841 0.125595 0.026418 0.020238
0 0.194033 0.161310 0.107493 0.036905
0 0.580733 0.161905 0.059212 0.033333
0 0.167616 0.226786 0.074698 0.039286
0 0.242314 0.225595 0.076520 0.041667
0 0.344796 0.226190 0.128445 0.040476
0 0.471874 0.227381 0.127534 0.042857
0 0.178547 0.325595 0.078342 0.022619
0 0.394899 0.322024 0.082897 0.029762
0 0.178547 0.379167 0.080164 0.020238
0 0.175814 0.423214 0.076520 0.032143
0 0.184013 0.475595 0.089274 0.034524
0 0.194944 0.521429 0.112958 0.047619
0 0.581644 0.227381 0.075609 0.042857
0 0.655432 0.226190 0.073787 0.040476
0 0.754270 0.227976 0.120246 0.044048
0 0.874061 0.228571 0.117513 0.040476
0 0.592576 0.327381 0.081075 0.021429
0 0.806194 0.322619 0.080164 0.030952
0 0.592120 0.379762 0.080164 0.019048
0 0.588476 0.424405 0.080164 0.032143
0 0.598041 0.475000 0.088363 0.033333
0 0.608517 0.521429 0.116602 0.042857
0 0.205876 0.567262 0.138465 0.041667
0 0.608062 0.568452 0.133910 0.044048
0 0.563425 0.650000 0.070143 0.023810
0 0.910499 0.649405 0.050102 0.022619
0 0.175814 0.726190 0.016397 0.023810
0 0.638579 0.723214 0.054657 0.022619
0 0.904578 0.722619 0.058301 0.026190
0 0.304714 0.786310 0.068322 0.020238
0 0.613983 0.784524 0.069233 0.023810
0 0.264632 0.840476 0.055568 0.021429
0 0.640856 0.839881 0.037349 0.025000
0 0.749715 0.837500 0.047370 0.022619
0 0.253701 0.936905 0.071965 0.021429
