0 0.238905 0.122255 0.050992 0.023739
0 0.849386 0.125223 0.029273 0.017804
0 0.162417 0.162611 0.105760 0.033234
0 0.563739 0.162018 0.060434 0.034421
0 0.136449 0.224332 0.078376 0.042730
0 0.214825 0.224926 0.074599 0.041543
0 0.318697 0.225519 0.133144 0.040356
0 0.450425 0.224926 0.130312 0.041543
0 0.147781 0.326409 0.082153 0.023739
0 0.373938 0.318694 0.084986 0.029674
0 0.146364 0.376261 0.083097 0.023739
0 0.144004 0.421365 0.078376 0.033234
0 0.152975 0.474184 0.094429 0.032047
0 0.164306 0.519288 0.117092 0.043917
0 0.564212 0.226113 0.076487 0.041543
0 0.641643 0.226706 0.076487 0.042730
0 0.744570 0.227893 0.127479 0.040356
0 0.870633 0.228487 0.122757 0.046291
0 0.577904 0.327003 0.081209 0.020178
0 0.798867 0.321662 0.084986 0.028487
0 0.576487 0.375668 0.080264 0.020178
0 0.572238 0.421365 0.081209 0.033234
0 0.584042 0.474777 0.091596 0.033234
0 0.594901 0.519288 0.118980 0.043917
0 0.173749 0.566172 0.139754 0.045104
0 0.593012 0.563798 0.137866 0.047478
0 0.546270 0.646884 0.070822 0.026113
0 0.906988 0.648071 0.050047 0.023739
0 0.142115 0.723442 0.021719 0.027300
0 0.626062 0.720475 0.050992 0.026113
0 0.901322 0.718694 0.059490 0.027300
0 0.276676 0.784570 0.067989 0.023739
0 0.598678 0.782196 0.069877 0.023739
0 0.235127 0.839169 0.056657 0.021365
0 0.623702 0.835608 0.038716 0.021365
0 0.739849 0.834421 0.048159 0.021365
0 0.228990 0.931157 0.072710 0.022552
