0 0.257200 0.120582 0.050011 0.017820
0 0.833222 0.125334 0.026792 0.020196
0 0.182184 0.160380 0.103595 0.038016
0 0.564412 0.160380 0.057156 0.038016
0 0.161643 0.225720 0.075017 0.038016
0 0.234427 0.225126 0.070551 0.039204
0 0.331770 0.226908 0.127707 0.042768
0 0.457691 0.224532 0.125921 0.040392
0 0.168788 0.325512 0.080375 0.021384
0 0.383121 0.319572 0.078589 0.028512
0 0.169234 0.379566 0.077696 0.017820
0 0.166109 0.424116 0.071445 0.030888
0 0.174146 0.475200 0.089306 0.030888
0 0.185309 0.522721 0.111632 0.045144
0 0.565751 0.225720 0.074124 0.040392
0 0.638535 0.226314 0.071445 0.041580
0 0.734985 0.228096 0.117883 0.040392
0 0.853315 0.228690 0.113418 0.041580
0 0.576021 0.324324 0.078589 0.021384
0 0.785443 0.320166 0.077696 0.029700
0 0.576914 0.376002 0.076803 0.024948
0 0.574235 0.421146 0.073231 0.032076
0 0.580933 0.472230 0.084840 0.034452
0 0.592096 0.519751 0.112525 0.041580
0 0.196472 0.564895 0.130386 0.046332
0 0.592543 0.562519 0.127707 0.046332
0 0.548337 0.647461 0.067872 0.026136
0 0.887698 0.646273 0.046439 0.026136
0 0.166555 0.721117 0.016968 0.021384
0 0.622907 0.721117 0.047332 0.023760
0 0.880554 0.718741 0.062514 0.028512
0 0.293369 0.784081 0.059835 0.023760
0 0.597901 0.781111 0.061621 0.024948
0 0.254521 0.838729 0.046439 0.023760
0 0.624246 0.835165 0.035722 0.019008
0 0.730520 0.833383 0.044653 0.022572
0 0.245144 0.931987 0.066979 0.020196
