0 0.268514 0.122699 0.051795 0.023371
0 0.854157 0.124452 0.029078 0.019866
0 0.193094 0.158925 0.106315 0.035057
0 0.580645 0.161262 0.058155 0.032720
0 0.168560 0.222612 0.073603 0.040900
0 0.243980 0.223196 0.073603 0.037394
0 0.345752 0.223196 0.128124 0.037394
0 0.472967 0.223780 0.128124 0.043237
0 0.180373 0.321940 0.077238 0.017528
0 0.394366 0.315513 0.079964 0.032720
0 0.179918 0.372188 0.083598 0.019866
0 0.178555 0.418931 0.075420 0.033888
0 0.187188 0.467426 0.092685 0.032720
0 0.196274 0.513585 0.114493 0.045574
0 0.581554 0.222612 0.076329 0.040900
0 0.655157 0.220859 0.074512 0.039731
0 0.752840 0.222612 0.119037 0.040900
0 0.872331 0.224365 0.119945 0.042068
0 0.592912 0.319018 0.075420 0.023371
0 0.804180 0.316097 0.081781 0.031551
0 0.592912 0.373941 0.084507 0.018697
0 0.587915 0.416594 0.076329 0.033888
0 0.599273 0.468595 0.089959 0.030383
0 0.608360 0.510663 0.119037 0.042068
0 0.204907 0.557990 0.133576 0.043237
0 0.607905 0.555653 0.132667 0.045574
0 0.562017 0.635700 0.069968 0.028046
0 0.907769 0.636284 0.050886 0.022203
0 0.174920 0.712825 0.020900 0.025708
0 0.640618 0.710488 0.052703 0.023371
0 0.905043 0.706982 0.059973 0.023371
0 0.305770 0.774175 0.064516 0.019866
0 0.613812 0.769500 0.071786 0.024540
0 0.265788 0.825007 0.051795 0.023371
0 0.641072 0.823839 0.037256 0.021034
0 0.751022 0.820917 0.044525 0.017528
0 0.256247 0.919077 0.067242 0.026877
