0 0.240339 0.119385 0.054665 0.021277
0 0.849199 0.122931 0.028275 0.018913
0 0.164467 0.158392 0.112158 0.037825
0 0.564090 0.157210 0.057493 0.033097
0 0.136664 0.222813 0.081056 0.043735
0 0.216305 0.223404 0.074458 0.040189
0 0.320452 0.221631 0.131951 0.041371
0 0.453346 0.222222 0.131951 0.037825
0 0.149387 0.320331 0.083883 0.021277
0 0.373233 0.316194 0.082941 0.031915
0 0.148916 0.372340 0.084826 0.021277
0 0.146560 0.418440 0.078228 0.033097
0 0.154100 0.469267 0.091423 0.033097
0 0.166352 0.515366 0.119698 0.044917
0 0.565975 0.221631 0.081998 0.041371
0 0.640905 0.221631 0.079171 0.039007
0 0.745052 0.221631 0.125353 0.041371
0 0.868049 0.224586 0.116871 0.042553
0 0.578228 0.320922 0.083883 0.020095
0 0.798303 0.318558 0.084826 0.029551
0 0.574929 0.373522 0.082941 0.021277
0 0.574458 0.418440 0.078228 0.030733
0 0.582469 0.468676 0.094251 0.031915
0 0.594251 0.514775 0.115928 0.043735
0 0.176249 0.561466 0.139491 0.047281
0 0.593779 0.559102 0.139491 0.047281
0 0.546183 0.639480 0.068803 0.026005
0 0.905749 0.643026 0.050895 0.021277
0 0.144204 0.716903 0.020735 0.024823
0 0.627238 0.715130 0.057493 0.023641
0 0.901979 0.712766 0.064090 0.026005
0 0.277568 0.779551 0.066918 0.017730
0 0.598963 0.774823 0.072573 0.024823
0 0.237041 0.830969 0.055608 0.023641
0 0.626296 0.831560 0.036758 0.020095
0 0.739397 0.828014 0.046183 0.020095
0 0.229029 0.927305 0.073516 0.020095
