0 0.265575 0.125961 0.052751 0.020106
0 0.854934 0.128918 0.027285 0.021289
0 0.192815 0.165582 0.107322 0.037847
0 0.578899 0.164400 0.053661 0.033116
0 0.168258 0.230633 0.074579 0.037847
0 0.243292 0.228859 0.075489 0.041396
0 0.341974 0.227085 0.125512 0.037847
0 0.470668 0.230041 0.130059 0.039030
0 0.179172 0.330574 0.078217 0.020106
0 0.392451 0.322295 0.082765 0.031934
0 0.178718 0.380840 0.079127 0.023655
0 0.174170 0.426375 0.077308 0.029568
0 0.184175 0.476641 0.088222 0.035482
0 0.196453 0.523950 0.114598 0.044944
0 0.581173 0.231224 0.076398 0.041396
0 0.655298 0.229450 0.073670 0.040213
0 0.753979 0.230041 0.121874 0.041396
0 0.872215 0.231815 0.116417 0.042578
0 0.593452 0.328800 0.080946 0.023655
0 0.805821 0.324660 0.076398 0.029568
0 0.593452 0.379657 0.075489 0.023655
0 0.587995 0.425192 0.075489 0.031934
0 0.594816 0.477824 0.087312 0.028386
0 0.607549 0.522176 0.114598 0.041396
0 0.204638 0.568894 0.130969 0.042578
0 0.608458 0.565346 0.132788 0.044944
0 0.560709 0.649911 0.066394 0.027203
0 0.906321 0.648137 0.051842 0.026020
0 0.174170 0.723832 0.017281 0.023655
0 0.639836 0.722058 0.050023 0.017741
0 0.904047 0.720875 0.060027 0.029568
0 0.304229 0.786517 0.064575 0.026020
0 0.614370 0.782969 0.062756 0.023655
0 0.261028 0.839740 0.054570 0.018924
0 0.637563 0.835600 0.038199 0.020106
0 0.747158 0.836783 0.044566 0.020106
0 0.253752 0.933767 0.072760 0.020106
