0 0.255015 0.118479 0.048882 0.017683
0 0.852663 0.124374 0.028591 0.020041
0 0.180770 0.157383 0.106986 0.034188
0 0.570902 0.159151 0.059027 0.035367
0 0.153562 0.223991 0.080240 0.040083
0 0.231035 0.223401 0.076551 0.038904
0 0.332027 0.222222 0.130966 0.041261
0 0.462532 0.223401 0.128199 0.041261
0 0.166013 0.321250 0.079318 0.022399
0 0.380908 0.317123 0.084851 0.033009
0 0.165552 0.374300 0.080240 0.022399
0 0.162324 0.419688 0.073784 0.030651
0 0.168780 0.469791 0.094074 0.029472
0 0.181692 0.515768 0.114365 0.043619
0 0.573668 0.223401 0.077473 0.038904
0 0.648836 0.222812 0.076551 0.040083
0 0.747982 0.223991 0.121743 0.040083
0 0.871109 0.225759 0.124510 0.041261
0 0.584275 0.321839 0.080240 0.021220
0 0.801937 0.317123 0.078395 0.028294
0 0.582891 0.371353 0.081162 0.021220
0 0.582891 0.420277 0.075628 0.029472
0 0.591653 0.469201 0.093152 0.028294
0 0.601798 0.516357 0.115287 0.042440
0 0.192299 0.559976 0.139267 0.044798
0 0.598570 0.558798 0.136500 0.042440
0 0.552456 0.642499 0.071939 0.023578
0 0.905234 0.642499 0.048882 0.023578
0 0.161402 0.716180 0.020291 0.022399
0 0.631773 0.713233 0.047959 0.023578
0 0.902467 0.711465 0.063638 0.024757
0 0.292368 0.778662 0.060872 0.017683
0 0.608255 0.775715 0.067328 0.023578
0 0.251326 0.831123 0.056260 0.021220
0 0.630851 0.829944 0.036892 0.021220
0 0.744754 0.826997 0.045193 0.022399
0 0.243025 0.925435 0.072861 0.023578
