0 0.242709 0.123798 0.052681 0.019231
0 0.852305 0.125601 0.028222 0.020433
0 0.166980 0.162861 0.110066 0.034856
0 0.568203 0.161058 0.063970 0.033654
0 0.140640 0.226562 0.079962 0.042067
0 0.218250 0.225962 0.077140 0.040865
0 0.323612 0.225962 0.133584 0.040865
0 0.455786 0.226562 0.130762 0.042067
0 0.153810 0.331130 0.083725 0.022837
0 0.375353 0.321514 0.082785 0.032452
0 0.152399 0.379808 0.082785 0.019231
0 0.150047 0.427885 0.078081 0.031250
0 0.158514 0.477764 0.093133 0.032452
0 0.170743 0.525240 0.115710 0.043269
0 0.568203 0.226562 0.075259 0.039663
0 0.645343 0.226562 0.077140 0.039663
0 0.746943 0.227163 0.126058 0.040865
0 0.870649 0.228966 0.121355 0.044471
0 0.579022 0.327524 0.079962 0.020433
0 0.801505 0.323918 0.086548 0.032452
0 0.580433 0.379808 0.080903 0.021635
0 0.576670 0.427284 0.077140 0.030048
0 0.586548 0.477764 0.091251 0.030048
0 0.597366 0.524038 0.116651 0.043269
0 0.179210 0.572115 0.138288 0.045673
0 0.595955 0.570913 0.138288 0.050481
0 0.547507 0.652043 0.071496 0.025240
0 0.908278 0.653846 0.051740 0.024038
0 0.150047 0.730769 0.015992 0.028846
0 0.628881 0.729567 0.053622 0.024038
0 0.903575 0.727163 0.059266 0.028846
0 0.280339 0.793870 0.063970 0.020433
0 0.602540 0.791466 0.068674 0.025240
0 0.240828 0.847356 0.052681 0.019231
0 0.628410 0.845553 0.035748 0.022837
0 0.741769 0.843149 0.047977 0.022837
0 0.232832 0.944111 0.070555 0.020433
