0 0.240056 0.123288 0.056484 0.022633
0 0.850082 0.125670 0.026359 0.017868
0 0.163803 0.162001 0.114851 0.033353
0 0.561073 0.162597 0.058367 0.034544
0 0.136973 0.228708 0.080019 0.042883
0 0.215109 0.227516 0.076253 0.040500
0 0.320546 0.228112 0.132737 0.039309
0 0.450459 0.226921 0.132737 0.041691
0 0.149212 0.328172 0.081902 0.017868
0 0.371852 0.322811 0.082843 0.030971
0 0.147799 0.380584 0.080960 0.022633
0 0.145446 0.427040 0.076253 0.032162
0 0.154860 0.478261 0.093198 0.034544
0 0.164745 0.522930 0.116733 0.042883
0 0.564368 0.228708 0.078136 0.040500
0 0.642504 0.226325 0.076253 0.042883
0 0.744646 0.226921 0.124265 0.044074
0 0.867498 0.228708 0.123323 0.042883
0 0.576136 0.330554 0.079077 0.020250
0 0.798305 0.325194 0.086609 0.030971
0 0.577548 0.380584 0.080019 0.022633
0 0.572841 0.424062 0.076253 0.030971
0 0.580372 0.476474 0.093198 0.033353
0 0.594493 0.522335 0.119558 0.044074
0 0.174629 0.569982 0.140268 0.046456
0 0.592610 0.567600 0.138386 0.046456
0 0.546952 0.650983 0.069663 0.025015
0 0.906566 0.649792 0.054601 0.027397
0 0.146858 0.726027 0.018828 0.027397
0 0.626030 0.724836 0.052718 0.022633
0 0.900918 0.722454 0.062132 0.025015
0 0.279124 0.786778 0.066839 0.022633
0 0.597788 0.784991 0.067781 0.023824
0 0.234879 0.843359 0.057425 0.019059
0 0.625559 0.840381 0.040480 0.020250
0 0.738527 0.837999 0.049894 0.022633
0 0.228289 0.937463 0.074370 0.021441
