0 0.238545 0.124471 0.053850 0.024169
0 0.850732 0.128701 0.031176 0.020544
0 0.162022 0.163746 0.110534 0.037462
0 0.565895 0.164955 0.062352 0.032628
0 0.136042 0.230816 0.075579 0.041088
0 0.213982 0.229003 0.078413 0.044713
0 0.320265 0.228399 0.134152 0.043505
0 0.451110 0.230211 0.129428 0.044713
0 0.147851 0.330514 0.084081 0.022961
0 0.370808 0.325076 0.082192 0.033837
0 0.142655 0.381873 0.083137 0.024169
0 0.144072 0.430816 0.080302 0.032628
0 0.152102 0.481571 0.094473 0.037462
0 0.164856 0.529305 0.118092 0.045921
0 0.565895 0.230816 0.075579 0.043505
0 0.644308 0.230211 0.077468 0.039879
0 0.745394 0.230816 0.126594 0.043505
0 0.867737 0.232024 0.121871 0.045921
0 0.575342 0.330514 0.079358 0.022961
0 0.801606 0.328701 0.085971 0.031420
0 0.576287 0.383082 0.081247 0.019335
0 0.574398 0.430211 0.079358 0.033837
0 0.582428 0.483384 0.093529 0.036254
0 0.593765 0.530514 0.116202 0.043505
0 0.175720 0.574018 0.141710 0.048338
0 0.592348 0.574622 0.137931 0.044713
0 0.546528 0.660423 0.072744 0.025378
0 0.905054 0.658610 0.052905 0.026586
0 0.142655 0.734743 0.017005 0.024169
0 0.626358 0.734139 0.051016 0.022961
0 0.898914 0.732931 0.061408 0.025378
0 0.275390 0.798187 0.063297 0.020544
0 0.598961 0.796375 0.069910 0.024169
0 0.235239 0.851964 0.056684 0.021752
0 0.625886 0.849547 0.036845 0.029003
0 0.739726 0.850755 0.043458 0.021752
0 0.225791 0.948036 0.071800 0.022961
