0 0.232826 0.122304 0.050715 0.017725
0 0.827109 0.124077 0.023974 0.016544
0 0.156293 0.160709 0.106040 0.033087
0 0.550023 0.160709 0.059935 0.035451
0 0.131858 0.224520 0.075611 0.040177
0 0.209313 0.225111 0.075611 0.041359
0 0.310281 0.223338 0.130014 0.040177
0 0.440295 0.225111 0.130014 0.043722
0 0.143845 0.326736 0.077455 0.024815
0 0.359152 0.316691 0.080221 0.030724
0 0.143845 0.375185 0.077455 0.024815
0 0.139696 0.422452 0.078377 0.031905
0 0.148456 0.472083 0.094053 0.031905
0 0.157676 0.518168 0.118027 0.046086
0 0.550023 0.224520 0.076533 0.040177
0 0.627478 0.222747 0.074689 0.043722
0 0.726602 0.225702 0.123559 0.042541
0 0.846934 0.227474 0.118949 0.041359
0 0.562010 0.324372 0.082065 0.022452
0 0.778239 0.319055 0.081143 0.030724
0 0.562010 0.376366 0.078377 0.020089
0 0.558322 0.418316 0.076533 0.033087
0 0.567543 0.471492 0.091286 0.030724
0 0.579069 0.517578 0.110650 0.040177
0 0.167819 0.562482 0.136468 0.042541
0 0.578147 0.561300 0.136468 0.044904
0 0.532964 0.643427 0.070078 0.022452
0 0.882895 0.644018 0.050715 0.025997
0 0.136468 0.717282 0.016598 0.025997
0 0.611342 0.716100 0.051637 0.023634
0 0.877363 0.715510 0.061780 0.024815
0 0.270171 0.780502 0.064546 0.022452
0 0.583218 0.779321 0.067312 0.024815
0 0.229599 0.833678 0.053481 0.020089
0 0.610420 0.831315 0.038728 0.020089
0 0.720609 0.830724 0.047026 0.023634
0 0.218995 0.927031 0.072845 0.022452
