0 0.249477 0.121140 0.052962 0.019002
0 0.851568 0.126485 0.026945 0.017815
0 0.172822 0.162708 0.105923 0.033254
0 0.568177 0.161520 0.060395 0.033254
0 0.149129 0.227435 0.080836 0.039192
0 0.226249 0.226247 0.077120 0.041568
0 0.329384 0.225653 0.129152 0.040380
0 0.459466 0.225059 0.129152 0.039192
0 0.161208 0.324822 0.080836 0.020190
0 0.380952 0.320665 0.081765 0.028504
0 0.159814 0.378266 0.078049 0.022565
0 0.157491 0.423397 0.077120 0.032067
0 0.167712 0.476841 0.093844 0.032067
0 0.177003 0.521378 0.116144 0.042755
0 0.569570 0.226841 0.078049 0.040380
0 0.645761 0.225059 0.078049 0.041568
0 0.747038 0.226841 0.120790 0.042755
0 0.868293 0.228029 0.121719 0.042755
0 0.583043 0.324822 0.082695 0.020190
0 0.800465 0.321853 0.082695 0.030879
0 0.581649 0.375297 0.085482 0.023753
0 0.579791 0.423990 0.076190 0.033254
0 0.587689 0.473872 0.093844 0.030879
0 0.601161 0.519596 0.117073 0.041568
0 0.184901 0.566508 0.137515 0.049881
0 0.600232 0.565321 0.135656 0.042755
0 0.551452 0.649050 0.073403 0.022565
0 0.908246 0.649050 0.056678 0.022565
0 0.157027 0.723872 0.016725 0.020190
0 0.632753 0.722684 0.050174 0.020190
0 0.903136 0.720903 0.057607 0.026128
0 0.289431 0.786223 0.064111 0.016627
0 0.604878 0.782067 0.066899 0.022565
0 0.248084 0.837886 0.057607 0.022565
0 0.631359 0.836698 0.039954 0.024941
0 0.744251 0.835511 0.050174 0.022565
0 0.238328 0.932898 0.069686 0.020190
