0 0.266636 0.119775 0.051960 0.023718
0 0.857794 0.124518 0.025524 0.018974
0 0.191431 0.160688 0.109389 0.036763
0 0.577940 0.162467 0.058341 0.035577
0 0.167274 0.225319 0.077484 0.040320
0 0.244303 0.226505 0.074749 0.040320
0 0.344120 0.225319 0.126709 0.040320
0 0.471285 0.224726 0.129444 0.041506
0 0.177302 0.323154 0.079307 0.020160
0 0.394257 0.317818 0.082954 0.037948
0 0.176390 0.374741 0.079307 0.021346
0 0.173655 0.420397 0.075661 0.034391
0 0.181404 0.473169 0.087511 0.030833
0 0.194166 0.518826 0.113036 0.041506
0 0.579763 0.224133 0.078396 0.042692
0 0.655880 0.224726 0.072015 0.043878
0 0.752507 0.225319 0.119417 0.042692
0 0.874658 0.227098 0.123063 0.041506
0 0.593437 0.323747 0.076572 0.021346
0 0.806290 0.319597 0.082954 0.029647
0 0.591158 0.374741 0.077484 0.021346
0 0.590246 0.422176 0.075661 0.033205
0 0.595716 0.473169 0.088423 0.030833
0 0.610301 0.519419 0.113947 0.040320
0 0.202370 0.563890 0.133090 0.046250
0 0.608022 0.563297 0.131267 0.042692
0 0.564266 0.646309 0.067457 0.026090
0 0.911121 0.646309 0.050137 0.023718
0 0.174567 0.719834 0.015497 0.018974
0 0.639927 0.719241 0.051048 0.022532
0 0.903373 0.718055 0.058341 0.027275
0 0.302188 0.782093 0.061076 0.022532
0 0.612124 0.779721 0.070191 0.022532
0 0.262078 0.837237 0.055606 0.018974
0 0.638560 0.834272 0.033728 0.022532
0 0.748405 0.834272 0.051048 0.020160
0 0.254330 0.931515 0.071103 0.017788
