0 0.253711 0.118549 0.049165 0.017694
0 0.854360 0.124447 0.029685 0.017694
0 0.177180 0.158065 0.109462 0.030669
0 0.571892 0.158065 0.058442 0.037747
0 0.153061 0.221763 0.077922 0.042465
0 0.230056 0.221174 0.076067 0.041286
0 0.333488 0.222353 0.128942 0.041286
0 0.462894 0.223533 0.131725 0.038927
0 0.165121 0.320849 0.077922 0.021233
0 0.384045 0.315541 0.083488 0.029490
0 0.165121 0.375111 0.083488 0.021233
0 0.163265 0.417576 0.074212 0.033029
0 0.169295 0.470068 0.089981 0.034208
0 0.180891 0.515482 0.120594 0.044825
0 0.573748 0.223533 0.076994 0.038927
0 0.652134 0.224123 0.076067 0.040106
0 0.750464 0.224123 0.122449 0.040106
0 0.871985 0.225302 0.120594 0.044825
0 0.584416 0.322619 0.079777 0.022412
0 0.801948 0.316721 0.084416 0.031849
0 0.586735 0.372751 0.080705 0.021233
0 0.583024 0.417576 0.075139 0.035388
0 0.591373 0.468888 0.095547 0.036567
0 0.602041 0.514303 0.115028 0.042465
0 0.189703 0.559127 0.134508 0.042465
0 0.602041 0.558537 0.141002 0.046004
0 0.553803 0.640519 0.072356 0.025951
0 0.907236 0.642288 0.051948 0.022412
0 0.161410 0.716013 0.020408 0.025951
0 0.634972 0.715423 0.054731 0.027131
0 0.904453 0.715423 0.061224 0.022412
0 0.291744 0.777942 0.062152 0.020053
0 0.605751 0.773813 0.068646 0.025951
0 0.250464 0.831023 0.057514 0.020053
0 0.632653 0.829254 0.040816 0.023592
0 0.744434 0.827485 0.047310 0.020053
0 0.239796 0.925391 0.073284 0.020053
