0 0.259191 0.121032 0.051471 0.023732
0 0.853860 0.124592 0.022059 0.021359
0 0.183364 0.158410 0.103860 0.036784
0 0.573989 0.159597 0.061581 0.034411
0 0.159926 0.223673 0.075368 0.039158
0 0.235754 0.223673 0.074449 0.041531
0 0.336857 0.221893 0.129596 0.042717
0 0.467371 0.224266 0.129596 0.045090
0 0.171415 0.325719 0.081801 0.022545
0 0.388327 0.319786 0.081801 0.032038
0 0.170496 0.375556 0.078125 0.022545
0 0.165901 0.421240 0.070772 0.033225
0 0.176471 0.472857 0.088235 0.032038
0 0.186581 0.517947 0.115809 0.046277
0 0.575827 0.224266 0.076287 0.040344
0 0.652574 0.224266 0.077206 0.042717
0 0.750000 0.224859 0.123162 0.043904
0 0.872243 0.227232 0.121324 0.043904
0 0.587776 0.326906 0.079963 0.022545
0 0.804688 0.320380 0.083640 0.035598
0 0.587776 0.376150 0.083640 0.023732
0 0.584099 0.420647 0.072610 0.032038
0 0.592831 0.472263 0.090074 0.033225
0 0.605699 0.519134 0.117647 0.043904
0 0.195312 0.562444 0.135110 0.047464
0 0.603860 0.562444 0.137868 0.047464
0 0.557904 0.646099 0.068015 0.024918
0 0.905790 0.646692 0.048713 0.026105
0 0.167279 0.719074 0.023897 0.030851
0 0.634651 0.719668 0.056066 0.022545
0 0.901195 0.717295 0.059743 0.024918
0 0.297335 0.783150 0.063419 0.021359
0 0.607996 0.780777 0.067096 0.026105
0 0.256434 0.834767 0.056985 0.015426
0 0.635110 0.835954 0.036765 0.022545
0 0.746324 0.833581 0.045956 0.020172
0 0.246783 0.929101 0.070772 0.021359
